id;time_instant;descripcion;procedimiento;titulo;verificar;observaciones;prioridad
1;2021-05-03T03:58:58;Croatian;haptic;logística;true;abierta navigating;cero mobile Blanco
2;2021-05-03T12:08:17;streamline Planificador;Metal;Canarias;true;Soporte;Verde Artesanal
3;2021-05-02T19:02:59;invoice;Acero;Videojuegos Monitorizado Ejecutivo;true;extensible;Prolongación Extremadura
4;2021-05-03T08:09:22;Representante Ladrillo;Intranet Muelle;clicks-and-mortar;true;Granito Money;Palladium neural
5;2021-05-02T17:10:31;sistémica quantify Factores;Ladrillo;synthesizing Agente;true;Chad Perseverando;Acero
6;2021-05-03T01:26:07;Account;hard;Blanco empresa generación;false;Morado Madera El;incentivize payment Multi
7;2021-05-03T04:18:01;Adelante;transmitting;productize;false;e-business overriding Queso;Madera Granito
8;2021-05-03T13:15:12;panel Rojo Violeta;Marroquinería feed program;firmware Escalinata back-end;false;transmitter Hormigon SAS;Baleares Negro programming
9;2021-05-03T01:43:49;Toallas;productividad;models;true;synergies Cambridgeshire;drive Tajikistan Monte
10;2021-05-03T11:05:59;Marroquinería Cambridgeshire;envisioneer;Borders;false;Extendido;Salud Persistente
